# Tiempo\Voltaje
0.000000000000000000e+00 0.000000000000000000e+00
1.000000000000000056e-01 6.279051952931337388e-02
2.000000000000000111e-01 1.253332335643042583e-01
3.000000000000000444e-01 1.873813145857246565e-01
4.000000000000000222e-01 2.486898871648547948e-01
5.000000000000000000e-01 3.090169943749473958e-01
6.000000000000000888e-01 3.681245526846780303e-01
7.000000000000000666e-01 4.257792915650726595e-01
8.000000000000000444e-01 4.817536741017153235e-01
9.000000000000000222e-01 5.358267949789966567e-01
1.000000000000000000e+00 5.877852522924731371e-01
1.100000000000000089e+00 6.374239897486897455e-01
1.200000000000000178e+00 6.845471059286887261e-01
1.300000000000000044e+00 7.289686274214115524e-01
1.400000000000000133e+00 7.705132427757892533e-01
1.500000000000000000e+00 8.090169943749474513e-01
1.600000000000000089e+00 8.443279255020150753e-01
1.700000000000000178e+00 8.763066800438636950e-01
1.800000000000000044e+00 9.048270524660195768e-01
1.900000000000000133e+00 9.297764858882514583e-01
2.000000000000000000e+00 9.510565162951535312e-01
2.100000000000000089e+00 9.685831611286310761e-01
2.200000000000000178e+00 9.822872507286887211e-01
2.300000000000000266e+00 9.921147013144778759e-01
2.400000000000000355e+00 9.980267284282715590e-01
2.500000000000000000e+00 1.000000000000000000e+00
2.600000000000000089e+00 9.980267284282715590e-01
2.700000000000000178e+00 9.921147013144777649e-01
2.800000000000000266e+00 9.822872507286887211e-01
2.900000000000000355e+00 9.685831611286310761e-01
3.000000000000000000e+00 9.510565162951536422e-01
3.100000000000000089e+00 9.297764858882514583e-01
3.200000000000000178e+00 9.048270524660194658e-01
3.300000000000000266e+00 8.763066800438634729e-01
3.400000000000000355e+00 8.443279255020149643e-01
3.500000000000000000e+00 8.090169943749474513e-01
3.600000000000000089e+00 7.705132427757892533e-01
3.700000000000000178e+00 7.289686274214114414e-01
3.800000000000000266e+00 6.845471059286885041e-01
3.900000000000000355e+00 6.374239897486895234e-01
4.000000000000000000e+00 5.877852522924732481e-01
4.100000000000000533e+00 5.358267949789962126e-01
4.200000000000000178e+00 4.817536741017152124e-01
4.299999999999999822e+00 4.257792915650724930e-01
4.400000000000000355e+00 3.681245526846777527e-01
4.500000000000000000e+00 3.090169943749475068e-01
4.600000000000000533e+00 2.486898871648543785e-01
4.700000000000000178e+00 1.873813145857245732e-01
4.800000000000000711e+00 1.253332335643036477e-01
4.900000000000000355e+00 6.279051952931313796e-02
5.000000000000000000e+00 1.224646799147353207e-16
5.100000000000000533e+00 -6.279051952931377634e-02
5.200000000000000178e+00 -1.253332335643042861e-01
5.300000000000000711e+00 -1.873813145857252116e-01
5.400000000000000355e+00 -2.486898871648550169e-01
5.500000000000000000e+00 -3.090169943749472847e-01
5.600000000000000533e+00 -3.681245526846779192e-01
5.700000000000000178e+00 -4.257792915650731036e-01
5.800000000000000711e+00 -4.817536741017157675e-01
5.900000000000000355e+00 -5.358267949789967677e-01
6.000000000000000000e+00 -5.877852522924730261e-01
6.100000000000000533e+00 -6.374239897486899675e-01
6.200000000000000178e+00 -6.845471059286887261e-01
6.300000000000000711e+00 -7.289686274214118855e-01
6.400000000000000355e+00 -7.705132427757893643e-01
6.500000000000000000e+00 -8.090169943749478954e-01
6.600000000000000533e+00 -8.443279255020152974e-01
6.700000000000000178e+00 -8.763066800438635839e-01
6.800000000000000711e+00 -9.048270524660197989e-01
6.900000000000000355e+00 -9.297764858882514583e-01
7.000000000000000000e+00 -9.510565162951535312e-01
7.100000000000000533e+00 -9.685831611286311871e-01
7.200000000000000178e+00 -9.822872507286887211e-01
7.300000000000000711e+00 -9.921147013144778759e-01
7.400000000000000355e+00 -9.980267284282715590e-01
7.500000000000000000e+00 -1.000000000000000000e+00
7.600000000000000533e+00 -9.980267284282715590e-01
7.700000000000000178e+00 -9.921147013144777649e-01
7.800000000000000711e+00 -9.822872507286886101e-01
7.900000000000000355e+00 -9.685831611286310761e-01
8.000000000000000000e+00 -9.510565162951536422e-01
8.099999999999999645e+00 -9.297764858882515693e-01
8.200000000000001066e+00 -9.048270524660191327e-01
8.300000000000000711e+00 -8.763066800438633619e-01
8.400000000000000355e+00 -8.443279255020149643e-01
8.500000000000000000e+00 -8.090169943749470072e-01
8.599999999999999645e+00 -7.705132427757890312e-01
8.700000000000001066e+00 -7.289686274214108863e-01
8.800000000000000711e+00 -6.845471059286882820e-01
8.900000000000000355e+00 -6.374239897486896345e-01
9.000000000000000000e+00 -5.877852522924733591e-01
9.099999999999999645e+00 -5.358267949789971007e-01
9.200000000000001066e+00 -4.817536741017145463e-01
9.300000000000000711e+00 -4.257792915650722154e-01
9.400000000000000355e+00 -3.681245526846778637e-01
9.500000000000000000e+00 -3.090169943749476733e-01
9.600000000000001421e+00 -2.486898871648536291e-01
9.700000000000001066e+00 -1.873813145857238238e-01
9.800000000000000711e+00 -1.253332335643037865e-01
9.900000000000000355e+00 -6.279051952931326286e-02
1.000000000000000000e+01 -2.449293598294706414e-16
1.010000000000000142e+01 6.279051952931455349e-02
1.020000000000000107e+01 1.253332335643050632e-01
1.030000000000000071e+01 1.873813145857259610e-01
1.040000000000000036e+01 2.486898871648548781e-01
1.050000000000000000e+01 3.090169943749480064e-01
1.060000000000000142e+01 3.681245526846790295e-01
1.070000000000000107e+01 4.257792915650733812e-01
1.080000000000000071e+01 4.817536741017156565e-01
1.090000000000000036e+01 5.358267949789966567e-01
1.100000000000000000e+01 5.877852522924729151e-01
1.110000000000000142e+01 6.374239897486906337e-01
1.120000000000000107e+01 6.845471059286886151e-01
1.130000000000000071e+01 7.289686274214118855e-01
1.140000000000000036e+01 7.705132427757898084e-01
1.150000000000000000e+01 8.090169943749472292e-01
1.160000000000000142e+01 8.443279255020156304e-01
1.170000000000000107e+01 8.763066800438639170e-01
1.180000000000000071e+01 9.048270524660196878e-01
1.190000000000000036e+01 9.297764858882514583e-01
1.200000000000000000e+01 9.510565162951535312e-01
1.210000000000000142e+01 9.685831611286311871e-01
1.220000000000000107e+01 9.822872507286888322e-01
1.230000000000000071e+01 9.921147013144779869e-01
1.240000000000000036e+01 9.980267284282715590e-01
1.250000000000000000e+01 1.000000000000000000e+00
1.260000000000000142e+01 9.980267284282714479e-01
1.270000000000000107e+01 9.921147013144777649e-01
1.280000000000000071e+01 9.822872507286886101e-01
1.290000000000000036e+01 9.685831611286310761e-01
1.300000000000000000e+01 9.510565162951530871e-01
1.310000000000000142e+01 9.297764858882510142e-01
1.320000000000000107e+01 9.048270524660192438e-01
1.330000000000000071e+01 8.763066800438633619e-01
1.340000000000000036e+01 8.443279255020150753e-01
1.350000000000000000e+01 8.090169943749475623e-01
1.360000000000000142e+01 7.705132427757885871e-01
1.370000000000000107e+01 7.289686274214109973e-01
1.380000000000000071e+01 6.845471059286883930e-01
1.390000000000000036e+01 6.374239897486897455e-01
1.400000000000000000e+01 5.877852522924733591e-01
1.410000000000000142e+01 5.358267949789956575e-01
1.420000000000000107e+01 4.817536741017146573e-01
1.430000000000000071e+01 4.257792915650723264e-01
1.440000000000000036e+01 3.681245526846779748e-01
1.450000000000000000e+01 3.090169943749477843e-01
1.460000000000000142e+01 2.486898871648537679e-01
1.470000000000000107e+01 1.873813145857239348e-01
1.480000000000000071e+01 1.253332335643038975e-01
1.490000000000000036e+01 6.279051952931338776e-02
1.500000000000000000e+01 3.673940397442059375e-16
